QGC WPL 110
0	0	0	16	0.000000	0.000000	0.000000	0.000000	37.5554470	127.0476150	0.000000	1
1	0	3	16	0.000000	0.000000	0.000000	0.000000	37.5554470	127.0476150	10.0000000	1
2	0	3	16	0.000000	0.000000	0.000000	0.000000	37.5554493	127.0476179	10.1010101	1
3	0	3	16	0.000000	0.000000	0.000000	0.000000	37.5554515	127.0476207	10.2020202	1
4	0	3	16	0.000000	0.000000	0.000000	0.000000	37.5554538	127.0476236	10.3030303	1
5	0	3	16	0.000000	0.000000	0.000000	0.000000	37.5554561	127.0476265	10.4040404	1
6	0	3	16	0.000000	0.000000	0.000000	0.000000	37.5554584	127.0476293	10.5050505	1
7	0	3	16	0.000000	0.000000	0.000000	0.000000	37.5554606	127.0476322	10.6060606	1
8	0	3	16	0.000000	0.000000	0.000000	0.000000	37.5554629	127.0476351	10.7070707	1
9	0	3	16	0.000000	0.000000	0.000000	0.000000	37.5554652	127.0476379	10.8080808	1
10	0	3	16	0.000000	0.000000	0.000000	0.000000	37.5554674	127.0476408	10.9090909	1
11	0	3	16	0.000000	0.000000	0.000000	0.000000	37.5554697	127.0476437	11.0101010	1
12	0	3	16	0.000000	0.000000	0.000000	0.000000	37.5554720	127.0476465	11.1111111	1
13	0	3	16	0.000000	0.000000	0.000000	0.000000	37.5554743	127.0476494	11.2121212	1
14	0	3	16	0.000000	0.000000	0.000000	0.000000	37.5554765	127.0476522	11.3131313	1
15	0	3	16	0.000000	0.000000	0.000000	0.000000	37.5554788	127.0476551	11.4141414	1
16	0	3	16	0.000000	0.000000	0.000000	0.000000	37.5554811	127.0476580	11.5151515	1
17	0	3	16	0.000000	0.000000	0.000000	0.000000	37.5554833	127.0476608	11.6161616	1
18	0	3	16	0.000000	0.000000	0.000000	0.000000	37.5554856	127.0476637	11.7171717	1
19	0	3	16	0.000000	0.000000	0.000000	0.000000	37.5554879	127.0476666	11.8181818	1
20	0	3	16	0.000000	0.000000	0.000000	0.000000	37.5554902	127.0476694	11.9191919	1
21	0	3	16	0.000000	0.000000	0.000000	0.000000	37.5554924	127.0476723	12.0202020	1
22	0	3	16	0.000000	0.000000	0.000000	0.000000	37.5554947	127.0476752	12.1212121	1
23	0	3	16	0.000000	0.000000	0.000000	0.000000	37.5554970	127.0476780	12.2222222	1
24	0	3	16	0.000000	0.000000	0.000000	0.000000	37.5554992	127.0476809	12.3232323	1
25	0	3	16	0.000000	0.000000	0.000000	0.000000	37.5555015	127.0476838	12.4242424	1
26	0	3	16	0.000000	0.000000	0.000000	0.000000	37.5555038	127.0476866	12.5252525	1
27	0	3	16	0.000000	0.000000	0.000000	0.000000	37.5555061	127.0476895	12.6262626	1
28	0	3	16	0.000000	0.000000	0.000000	0.000000	37.5555083	127.0476924	12.7272727	1
29	0	3	16	0.000000	0.000000	0.000000	0.000000	37.5555106	127.0476952	12.8282828	1
30	0	3	16	0.000000	0.000000	0.000000	0.000000	37.5555129	127.0476981	12.9292929	1
31	0	3	16	0.000000	0.000000	0.000000	0.000000	37.5555151	127.0477010	13.0303030	1
32	0	3	16	0.000000	0.000000	0.000000	0.000000	37.5555174	127.0477038	13.1313131	1
33	0	3	16	0.000000	0.000000	0.000000	0.000000	37.5555197	127.0477067	13.2323232	1
34	0	3	16	0.000000	0.000000	0.000000	0.000000	37.5555220	127.0477096	13.3333333	1
35	0	3	16	0.000000	0.000000	0.000000	0.000000	37.5555242	127.0477124	13.4343434	1
36	0	3	16	0.000000	0.000000	0.000000	0.000000	37.5555265	127.0477153	13.5353535	1
37	0	3	16	0.000000	0.000000	0.000000	0.000000	37.5555288	127.0477181	13.6363636	1
38	0	3	16	0.000000	0.000000	0.000000	0.000000	37.5555310	127.0477210	13.7373737	1
39	0	3	16	0.000000	0.000000	0.000000	0.000000	37.5555333	127.0477239	13.8383838	1
40	0	3	16	0.000000	0.000000	0.000000	0.000000	37.5555356	127.0477267	13.9393939	1
41	0	3	16	0.000000	0.000000	0.000000	0.000000	37.5555379	127.0477296	14.0404040	1
42	0	3	16	0.000000	0.000000	0.000000	0.000000	37.5555401	127.0477325	14.1414141	1
43	0	3	16	0.000000	0.000000	0.000000	0.000000	37.5555424	127.0477353	14.2424242	1
44	0	3	16	0.000000	0.000000	0.000000	0.000000	37.5555447	127.0477382	14.3434343	1
45	0	3	16	0.000000	0.000000	0.000000	0.000000	37.5555469	127.0477411	14.4444444	1
46	0	3	16	0.000000	0.000000	0.000000	0.000000	37.5555492	127.0477439	14.5454545	1
47	0	3	16	0.000000	0.000000	0.000000	0.000000	37.5555515	127.0477468	14.6464646	1
48	0	3	16	0.000000	0.000000	0.000000	0.000000	37.5555538	127.0477497	14.7474747	1
49	0	3	16	0.000000	0.000000	0.000000	0.000000	37.5555560	127.0477525	14.8484848	1
50	0	3	16	0.000000	0.000000	0.000000	0.000000	37.5555583	127.0477554	14.9494949	1
51	0	3	16	0.000000	0.000000	0.000000	0.000000	37.5555606	127.0477583	15.0505051	1
52	0	3	16	0.000000	0.000000	0.000000	0.000000	37.5555628	127.0477611	15.1515152	1
53	0	3	16	0.000000	0.000000	0.000000	0.000000	37.5555651	127.0477640	15.2525253	1
54	0	3	16	0.000000	0.000000	0.000000	0.000000	37.5555674	127.0477669	15.3535354	1
55	0	3	16	0.000000	0.000000	0.000000	0.000000	37.5555697	127.0477697	15.4545455	1
56	0	3	16	0.000000	0.000000	0.000000	0.000000	37.5555719	127.0477726	15.5555556	1
57	0	3	16	0.000000	0.000000	0.000000	0.000000	37.5555742	127.0477754	15.6565657	1
58	0	3	16	0.000000	0.000000	0.000000	0.000000	37.5555765	127.0477783	15.7575758	1
59	0	3	16	0.000000	0.000000	0.000000	0.000000	37.5555787	127.0477812	15.8585859	1
60	0	3	16	0.000000	0.000000	0.000000	0.000000	37.5555810	127.0477840	15.9595960	1
61	0	3	16	0.000000	0.000000	0.000000	0.000000	37.5555833	127.0477869	16.0606061	1
62	0	3	16	0.000000	0.000000	0.000000	0.000000	37.5555856	127.0477898	16.1616162	1
63	0	3	16	0.000000	0.000000	0.000000	0.000000	37.5555878	127.0477926	16.2626263	1
64	0	3	16	0.000000	0.000000	0.000000	0.000000	37.5555901	127.0477955	16.3636364	1
65	0	3	16	0.000000	0.000000	0.000000	0.000000	37.5555924	127.0477984	16.4646465	1
66	0	3	16	0.000000	0.000000	0.000000	0.000000	37.5555946	127.0478012	16.5656566	1
67	0	3	16	0.000000	0.000000	0.000000	0.000000	37.5555969	127.0478041	16.6666667	1
68	0	3	16	0.000000	0.000000	0.000000	0.000000	37.5555992	127.0478070	16.7676768	1
69	0	3	16	0.000000	0.000000	0.000000	0.000000	37.5556015	127.0478098	16.8686869	1
70	0	3	16	0.000000	0.000000	0.000000	0.000000	37.5556037	127.0478127	16.9696970	1
71	0	3	16	0.000000	0.000000	0.000000	0.000000	37.5556060	127.0478156	17.0707071	1
72	0	3	16	0.000000	0.000000	0.000000	0.000000	37.5556083	127.0478184	17.1717172	1
73	0	3	16	0.000000	0.000000	0.000000	0.000000	37.5556105	127.0478213	17.2727273	1
74	0	3	16	0.000000	0.000000	0.000000	0.000000	37.5556128	127.0478242	17.3737374	1
75	0	3	16	0.000000	0.000000	0.000000	0.000000	37.5556151	127.0478270	17.4747475	1
76	0	3	16	0.000000	0.000000	0.000000	0.000000	37.5556174	127.0478299	17.5757576	1
77	0	3	16	0.000000	0.000000	0.000000	0.000000	37.5556196	127.0478328	17.6767677	1
78	0	3	16	0.000000	0.000000	0.000000	0.000000	37.5556219	127.0478356	17.7777778	1
79	0	3	16	0.000000	0.000000	0.000000	0.000000	37.5556242	127.0478385	17.8787879	1
80	0	3	16	0.000000	0.000000	0.000000	0.000000	37.5556264	127.0478413	17.9797980	1
81	0	3	16	0.000000	0.000000	0.000000	0.000000	37.5556287	127.0478442	18.0808081	1
82	0	3	16	0.000000	0.000000	0.000000	0.000000	37.5556310	127.0478471	18.1818182	1
83	0	3	16	0.000000	0.000000	0.000000	0.000000	37.5556333	127.0478499	18.2828283	1
84	0	3	16	0.000000	0.000000	0.000000	0.000000	37.5556355	127.0478528	18.3838384	1
85	0	3	16	0.000000	0.000000	0.000000	0.000000	37.5556378	127.0478557	18.4848485	1
86	0	3	16	0.000000	0.000000	0.000000	0.000000	37.5556401	127.0478585	18.5858586	1
87	0	3	16	0.000000	0.000000	0.000000	0.000000	37.5556423	127.0478614	18.6868687	1
88	0	3	16	0.000000	0.000000	0.000000	0.000000	37.5556446	127.0478643	18.7878788	1
89	0	3	16	0.000000	0.000000	0.000000	0.000000	37.5556469	127.0478671	18.8888889	1
90	0	3	16	0.000000	0.000000	0.000000	0.000000	37.5556492	127.0478700	18.9898990	1
91	0	3	16	0.000000	0.000000	0.000000	0.000000	37.5556514	127.0478729	19.0909091	1
92	0	3	16	0.000000	0.000000	0.000000	0.000000	37.5556537	127.0478757	19.1919192	1
93	0	3	16	0.000000	0.000000	0.000000	0.000000	37.5556560	127.0478786	19.2929293	1
94	0	3	16	0.000000	0.000000	0.000000	0.000000	37.5556582	127.0478815	19.3939394	1
95	0	3	16	0.000000	0.000000	0.000000	0.000000	37.5556605	127.0478843	19.4949495	1
96	0	3	16	0.000000	0.000000	0.000000	0.000000	37.5556628	127.0478872	19.5959596	1
97	0	3	16	0.000000	0.000000	0.000000	0.000000	37.5556651	127.0478901	19.6969697	1
98	0	3	16	0.000000	0.000000	0.000000	0.000000	37.5556673	127.0478929	19.7979798	1
99	0	3	16	0.000000	0.000000	0.000000	0.000000	37.5556696	127.0478958	19.8989899	1
100	0	3	16	0.000000	0.000000	0.000000	0.000000	37.5556719	127.0478987	20.0000000	1
